7.570022710068000151e+02
3.960160782528000141e+02
2.071714468024999860e+02
1.083794668597000026e+02
5.669737774627999727e+01
2.966065247502999824e+01
1.551665014143000043e+01
8.117344329629000654e+00
4.246500883271999705e+00
2.221511338593999962e+00
1.162159617975000003e+00
6.079729573629000239e-01
3.180530067140999728e-01
1.663860288978999957e-01
8.704280765279999443e-02
4.553568176022999847e-02
2.382143452678999948e-02
1.246192880749000080e-02
6.519329812895000367e-03
3.410513248138999799e-03
1.784169067860999968e-03
9.333669345429999875e-04
4.882812500000000000e-04
