0.000000000000e+00
3.000000000000e+01
6.150000000000e+01
9.457500000000e+01
1.293037500000e+02
1.657689375000e+02
2.040573843750e+02
2.442602535938e+02
2.864732662734e+02
3.307969295871e+02
3.773367760665e+02
4.262036148698e+02
4.775137956133e+02
5.313894853939e+02
5.879589596636e+02
6.473569076468e+02
7.097247530292e+02
7.752109906806e+02
8.439715402147e+02
9.161701172254e+02
9.919786230867e+02
1.071577554241e+03
1.155156431953e+03
1.242914253551e+03
1.335059966228e+03
1.431812964540e+03
1.533403612767e+03
1.640073793405e+03
1.752077483075e+03
1.869681357229e+03
1.993165425090e+03
2.122823696345e+03
2.258964881162e+03
2.401913125220e+03
2.552008781481e+03
2.709609220555e+03
2.875089681583e+03
3.048844165662e+03
3.231286373945e+03
3.422850692643e+03
3.623993227275e+03
3.835192888639e+03
4.056952533070e+03
4.289800159724e+03
4.534290167710e+03
4.791004676096e+03
5.060554909900e+03
5.343582655395e+03
5.640761788165e+03
5.952799877574e+03
6.280439871452e+03
6.624461865025e+03
6.985684958276e+03
7.364969206190e+03
7.763217666499e+03
8.181378549824e+03
8.620447477316e+03
9.081469851181e+03
9.565543343740e+03
1.007382051093e+04
1.060751153647e+04
1.116788711330e+04
1.175628146896e+04
1.237409554241e+04
1.302280031953e+04
1.370394033551e+04
1.441913735228e+04
1.517009421990e+04
1.595859893089e+04
1.678652887744e+04
1.765585532131e+04
1.856864808737e+04
1.952708049174e+04
2.053343451633e+04
2.159010624215e+04
2.269961155425e+04
2.386459213197e+04
2.508782173856e+04
2.637221282549e+04
2.772082346677e+04
2.913686464011e+04
3.062370787211e+04
3.231870915660e+04
3.425101062091e+04
3.645383429023e+04
3.896505327325e+04
4.182784291390e+04
4.509142310423e+04
4.881190452122e+04
4.954000000000e+04
